clear; clc;

data(1).mean = [0.8369 -0.000000045869005 -0.181619950369762 0.000000617839352 -0.101759879771430 0.000001049698173]';
data(1).P = 1.0e-08 * [ ...
   0.067741479217036  -0.000029214433641   0.000292500436172   0.000343197998120  -0.000801894296500  -0.000076851751508
  -0.000029214433641   0.067949657828148  -0.000045655889447   0.000112485276059   0.002893878948354  -0.000038999497288
   0.000292500436172  -0.000045655889447   0.067754170807105  -0.000931574297640   0.000434803811832   0.000042975146838
   0.000343197998120   0.000112485276059  -0.000931574297640   0.950650788374193   0.004879599683572   0.000839738344685
  -0.000801894296500   0.002893878948354   0.000434803811832   0.004879599683572   0.955575624017479  -0.002913896437441
  -0.000076851751508  -0.000038999497288   0.000042975146838   0.000839738344685  -0.002913896437441   0.954675354567578];

data(2).mean = [1.1369 -0.000000085869005 0.181619950369762 0.000000317839352 -0.301759879771430 -0.000001049698173]';
data(2).P = 1.0e-08 * [ ...
   0.037741479217036  -0.000029214433641   0.000292500436172   0.000343197998120  -0.000801894296500  -0.000076851751508
  -0.000029214433641   0.087949657828148  -0.000045655889447   0.000112485276059   0.002893878948354  -0.000038999497288
   0.000292500436172  -0.000045655889447   0.107754170807105  -0.000931574297640   0.000434803811832   0.000042975146838
   0.000343197998120   0.000112485276059  -0.000931574297640   -0.950650788374193   0.004879599683572   0.000839738344685
  -0.000801894296500   0.002893878948354   0.000434803811832   0.004879599683572   0.955575624017479  -0.002913896437441
  -0.000076851751508  -0.000038999497288   0.000042975146838   0.000839738344685  -0.002913896437441   0.854675354567578];
